CGATS.17
ORIGINATOR	""
CREATED	"2013-11-21 17:56:43"
INSTRUMENTATION	"i1Pro"
MEASUREMENT_GEOMETRY	"45/0"
MEASUREMENT_SOURCE	"A"
WEIGHTING_FUNCTION	"OBSERVER,2 degree"
WEIGHTING_FUNCTION	"ILLUMINANT,D50"
NUMBER_OF_FIELDS	76
BEGIN_DATA_FORMAT
SampleID	LAB_L	LAB_A	LAB_B	SPECTRAL_NM	SPECTRAL_DEC	SPECTRAL_NM	SPECTRAL_DEC	SPECTRAL_NM	SPECTRAL_DEC	SPECTRAL_NM	SPECTRAL_DEC	SPECTRAL_NM	SPECTRAL_DEC	SPECTRAL_NM	SPECTRAL_DEC	SPECTRAL_NM	SPECTRAL_DEC	SPECTRAL_NM	SPECTRAL_DEC	SPECTRAL_NM	SPECTRAL_DEC	SPECTRAL_NM	SPECTRAL_DEC	SPECTRAL_NM	SPECTRAL_DEC	SPECTRAL_NM	SPECTRAL_DEC	SPECTRAL_NM	SPECTRAL_DEC	SPECTRAL_NM	SPECTRAL_DEC	SPECTRAL_NM	SPECTRAL_DEC	SPECTRAL_NM	SPECTRAL_DEC	SPECTRAL_NM	SPECTRAL_DEC	SPECTRAL_NM	SPECTRAL_DEC	SPECTRAL_NM	SPECTRAL_DEC	SPECTRAL_NM	SPECTRAL_DEC	SPECTRAL_NM	SPECTRAL_DEC	SPECTRAL_NM	SPECTRAL_DEC	SPECTRAL_NM	SPECTRAL_DEC	SPECTRAL_NM	SPECTRAL_DEC	SPECTRAL_NM	SPECTRAL_DEC	SPECTRAL_NM	SPECTRAL_DEC	SPECTRAL_NM	SPECTRAL_DEC	SPECTRAL_NM	SPECTRAL_DEC	SPECTRAL_NM	SPECTRAL_DEC	SPECTRAL_NM	SPECTRAL_DEC	SPECTRAL_NM	SPECTRAL_DEC	SPECTRAL_NM	SPECTRAL_DEC	SPECTRAL_NM	SPECTRAL_DEC	SPECTRAL_NM	SPECTRAL_DEC	SPECTRAL_NM	SPECTRAL_DEC	SPECTRAL_NM	SPECTRAL_DEC	
END_DATA_FORMAT
NUMBER_OF_SETS	15
BEGIN_DATA
"0"	85,46	1,38	5,97	380	0,180005	390	0,233768	400	0,312105	410	0,401500	420	0,485367	430	0,543177	440	0,579028	450	0,603711	460	0,622557	470	0,635980	480	0,645866	490	0,655322	500	0,662949	510	0,667344	520	0,669915	530	0,668157	540	0,663573	550	0,656697	560	0,651547	570	0,654500	580	0,656007	590	0,657238	600	0,660150	610	0,675877	620	0,709681	630	0,751066	640	0,785796	650	0,808390	660	0,822435	670	0,829419	680	0,833173	690	0,835547	700	0,839279	710	0,843145	720	0,846537	730	0,851780	
"5"	84,95	0,24	5,03	380	0,181407	390	0,235467	400	0,313022	410	0,401562	420	0,484601	430	0,542593	440	0,579326	450	0,604430	460	0,623480	470	0,636862	480	0,646703	490	0,656751	500	0,664737	510	0,668715	520	0,669758	530	0,665911	540	0,659431	550	0,650537	560	0,642163	570	0,641514	580	0,640592	590	0,640635	600	0,641970	610	0,654832	620	0,685630	630	0,724080	640	0,756789	650	0,779125	660	0,794099	670	0,801435	680	0,804932	690	0,806311	700	0,807824	710	0,809747	720	0,813301	730	0,821043	
"10"	82,84	-1,89	3,47	380	0,171994	390	0,224190	400	0,299967	410	0,385345	420	0,464256	430	0,519926	440	0,556107	450	0,581698	460	0,601598	470	0,615179	480	0,625175	490	0,636353	500	0,646081	510	0,649907	520	0,648021	530	0,640333	540	0,629966	550	0,616351	560	0,601719	570	0,594561	580	0,589742	590	0,588484	600	0,587663	610	0,596749	620	0,622444	630	0,655272	640	0,684051	650	0,705162	660	0,720825	670	0,729005	680	0,731568	690	0,731010	700	0,729155	710	0,727869	720	0,732149	730	0,744083	
"15"	80,12	-3,52	1,79	380	0,163157	390	0,213259	400	0,284615	410	0,364560	420	0,438691	430	0,491292	440	0,525826	450	0,550651	460	0,570311	470	0,583627	480	0,592852	490	0,603874	500	0,613335	510	0,616278	520	0,612231	530	0,601683	540	0,588055	550	0,570453	560	0,551312	570	0,539784	580	0,532618	590	0,530405	600	0,528116	610	0,534408	620	0,555958	630	0,584495	640	0,609778	650	0,629573	660	0,645081	670	0,653185	680	0,654968	690	0,652710	700	0,648909	710	0,645510	720	0,648446	730	0,657772	
"20"	77,86	-5,46	0,22	380	0,146491	390	0,195677	400	0,265530	410	0,344614	420	0,416621	430	0,467914	440	0,501776	450	0,526787	460	0,546888	470	0,560287	480	0,570087	490	0,581998	500	0,592574	510	0,595207	520	0,588226	530	0,573845	540	0,556793	550	0,535194	560	0,510956	570	0,494301	580	0,484393	590	0,481103	600	0,477310	610	0,481095	620	0,499552	630	0,525045	640	0,548574	650	0,568263	660	0,584913	670	0,593916	680	0,595048	690	0,591704	700	0,585537	710	0,580140	720	0,583859	730	0,597670	
"25"	77,48	-7,23	-1,18	380	0,149049	390	0,196234	400	0,268013	410	0,347867	420	0,420157	430	0,471972	440	0,507571	450	0,534523	460	0,555500	470	0,568823	480	0,578437	490	0,592373	500	0,604743	510	0,606836	520	0,596601	530	0,578090	540	0,557656	550	0,532366	560	0,503294	570	0,482218	580	0,469622	590	0,464836	600	0,459575	610	0,461393	620	0,477773	630	0,501090	640	0,523181	650	0,542716	660	0,560071	670	0,569954	680	0,570975	690	0,566287	700	0,558267	710	0,551915	720	0,556464	730	0,574859	
"30"	75,34	-8,52	-2,45	380	0,147666	390	0,195290	400	0,262918	410	0,336904	420	0,403224	430	0,451240	440	0,484588	450	0,510138	460	0,530569	470	0,544071	480	0,553581	490	0,566920	500	0,579203	510	0,580661	520	0,569103	530	0,548721	540	0,526449	550	0,498987	560	0,467600	570	0,444209	580	0,430465	590	0,425473	600	0,419738	610	0,420202	620	0,433648	630	0,453273	640	0,472191	650	0,490009	660	0,506561	670	0,515865	680	0,516317	690	0,511223	700	0,502264	710	0,494587	720	0,498497	730	0,515411	
"40"	73,21	-11,90	-5,22	380	0,143420	390	0,190871	400	0,257125	410	0,329970	420	0,393042	430	0,440053	440	0,474054	450	0,501203	460	0,522919	470	0,536103	480	0,545738	490	0,561503	500	0,576354	510	0,576621	520	0,559266	530	0,532355	540	0,504034	550	0,470254	560	0,431450	570	0,401222	580	0,383568	590	0,376730	600	0,368753	610	0,366165	620	0,375814	630	0,391822	640	0,408411	650	0,425765	660	0,443335	670	0,453435	680	0,453389	690	0,446774	700	0,435454	710	0,425919	720	0,430518	730	0,452740	
"50"	69,08	-14,61	-7,52	380	0,130534	390	0,175579	400	0,236808	410	0,301056	420	0,356497	430	0,398305	440	0,430139	450	0,456174	460	0,477513	470	0,490419	480	0,499454	490	0,515498	500	0,530565	510	0,529991	520	0,509827	530	0,479357	540	0,448159	550	0,411502	560	0,369845	570	0,337017	580	0,318228	590	0,310970	600	0,302671	610	0,297852	620	0,303765	630	0,315032	640	0,327958	650	0,342880	660	0,358984	670	0,368480	680	0,368407	690	0,361892	700	0,350544	710	0,341220	720	0,345887	730	0,366501	
"60"	65,28	-19,16	-10,87	380	0,119915	390	0,160403	400	0,218703	410	0,279222	420	0,329881	430	0,368900	440	0,400698	450	0,427765	460	0,450000	470	0,462667	480	0,471854	490	0,489940	500	0,507524	510	0,505816	520	0,480094	530	0,443090	540	0,406490	550	0,364087	560	0,316029	570	0,277546	580	0,255785	590	0,247583	600	0,237910	610	0,231022	620	0,233663	630	0,241512	640	0,251921	650	0,265944	660	0,282182	670	0,291964	680	0,291070	690	0,283145	700	0,269936	710	0,259117	720	0,263733	730	0,286403	
"70"	62,28	-22,73	-13,59	380	0,112504	390	0,153061	400	0,209375	410	0,266031	420	0,310771	430	0,346993	440	0,378506	450	0,406188	460	0,429461	470	0,442071	480	0,451523	490	0,471704	500	0,491692	510	0,488813	520	0,457447	530	0,414432	540	0,373229	550	0,326920	560	0,275241	570	0,234272	580	0,211706	590	0,203258	600	0,193485	610	0,185680	620	0,186250	630	0,191772	640	0,199900	650	0,212473	660	0,227668	670	0,236758	680	0,235631	690	0,227778	700	0,214982	710	0,204652	720	0,209497	730	0,232419	
"80"	58,65	-25,68	-15,61	380	0,099977	390	0,138067	400	0,188890	410	0,239767	420	0,280552	430	0,313816	440	0,343969	450	0,371631	460	0,394973	470	0,407250	480	0,416659	490	0,437620	500	0,458650	510	0,455351	520	0,421073	530	0,374938	540	0,331893	550	0,284534	560	0,232244	570	0,191310	580	0,169494	590	0,161325	600	0,151826	610	0,144091	620	0,143640	630	0,147350	640	0,153817	650	0,164748	660	0,178529	670	0,186940	680	0,185666	690	0,178294	700	0,166185	710	0,156731	720	0,161669	730	0,183443	
"90"	54,63	-28,26	-17,60	380	0,088030	390	0,121404	400	0,169107	410	0,214613	420	0,249040	430	0,278693	440	0,307306	450	0,334056	460	0,356651	470	0,368556	480	0,377353	490	0,398928	500	0,421338	510	0,417171	520	0,380062	530	0,331571	540	0,287337	550	0,239783	560	0,188931	570	0,150193	580	0,130314	590	0,123168	600	0,114945	610	0,108001	620	0,106769	630	0,109096	640	0,113918	650	0,122908	660	0,134286	670	0,141376	680	0,140067	690	0,133585	700	0,123373	710	0,115689	720	0,120479	730	0,139277	
"95"	52,03	-29,18	-18,31	380	0,077259	390	0,110057	400	0,153568	410	0,195697	420	0,226752	430	0,254021	440	0,281229	450	0,307252	460	0,329257	470	0,340639	480	0,349000	490	0,370614	500	0,393053	510	0,388750	520	0,351000	530	0,302551	540	0,259019	550	0,212821	560	0,164294	570	0,128203	580	0,110231	590	0,104018	600	0,096785	610	0,090672	620	0,089405	630	0,091147	640	0,095052	650	0,102633	660	0,112421	670	0,118518	680	0,117433	690	0,111845	700	0,102830	710	0,096441	720	0,100969	730	0,117624	
"100"	50,44	-29,94	-18,86	380	0,074788	390	0,104986	400	0,146182	410	0,185483	420	0,214333	430	0,240277	440	0,266598	450	0,291979	460	0,313950	470	0,325199	480	0,333499	490	0,355227	500	0,377989	510	0,373283	520	0,334949	530	0,286146	540	0,242717	550	0,196999	560	0,149754	570	0,115178	580	0,098411	590	0,092668	600	0,086053	610	0,080224	620	0,079019	630	0,080497	640	0,083993	650	0,090819	660	0,099605	670	0,105103	680	0,104043	690	0,098745	700	0,090769	710	0,085325	720	0,089809	730	0,105135	
END_DATA
